100|101|2|16|1|3|5d606f7802|1|1516323596029
100|101|2|16|1|3|5d606f7802|1|1516323597007
100|101|2|16|1|3|5d646f7802|1|1516323598382
100|101|2|16|1|3|5d646f8802|1|1516323598936
100|101|2|16|1|3|5d686f8802|1|1516323599977
100|101|2|16|1|3|5d686f9802|1|1516323601007
100|101|2|16|1|3|5d6c6fac02|1|1516323601926
100|101|2|256|1|3|003703|1|1516415240975
100|101|2|256|1|3|003703|1|1516415241900
100|101|2|256|1|3|003703|1|1516415242923
100|101|2|256|1|3|003703|1|1516415243947
100|101|2|1280|1|3|027001|1|1516530459627
100|101|2|1280|1|3|026f01|1|1516530460642
100|101|2|1280|1|3|026f01|1|1516530461671
100|101|2|1280|1|3|026e01|1|1516530462694